Mkn 421	179.832	65.031	0.0300	0.0013	$-{65}_{-21}^{+21}$	-29	0	0	13.1 +or- 0.5	232	
3C 273	289.951	64.360	0.1580	-0.4069	${33}_{-45}^{+45}$	-27	21	98	24.6 +or- 1.6	55	
PKS 2155-304	17.730	-52.245	0.1160	0.1865	$-{39}_{-38}^{+38}$	-36	24	-45	15.4 +or- 0.9	95	
Man 509	35.971	-29.855	0.0340	0.5094	$-{45}_{-50}^{+53}$	-41	0	-122	30.2 +or- 2.4	48	
NGC 4051	148.883	70.085	0.0023	0.1761	${110}_{-41}^{+46}$	8	-16	-42	40.4 +or- 3.6	33	
MCG -06-30-15	313.292	27.680	0.0077	-0.6448	${53}_{-54}^{+51}$	-1	26	154	35.1 +or- 3.2	38	
Ark 564	92.138	-25.337	0.0247	0.9032	$-{57}_{-97}^{+93}$	21	-98	-217	12.3 +or- 1.9	50	
ESO 141-55	338.183	-26.711	0.0371	-0.3323	$-{154}_{-264}^{+242}$	102	-35	80	21.2 +or- 5.1	18	
H1426 +428	77.487	64.899	0.1290	0.4142	${83}_{-145}^{+153}$	-7	-25	-99	16.0 +or- 3.9	25	
1H 0707-495	260.169	-17.672	0.0405	-0.9388	${45}_{-121}^{+124}$	-21	109	225	24.3 +or- 6.1	22	
PKS 0558-504	257.962	-28.569	0.1370	-0.8589	${7}_{-104}^{+110}$	8	98	206	16.6 +or- 4.2	32	
NGC 4593	297.483	57.403	0.0090	-0.4781	$-{63}_{-137}^{+153}$	11	24	115	27.1 +or- 7.1	13	
Mrk 335	108.763	-41.424	0.0258	0.7100	$-{161}_{-206}^{+158}$	-40	-79	-170	19.3 +or- 5.3	22	
PG 1211+143	267.552	74.315	0.0809	-0.2702	${69}_{-195}^{+188}$	-57	14	65	40.3 +or- 11.	7	
PG 1244+026	300.041	65.214	0.0482	-0.3631	${130}_{-127}^{+286}$	-188	12	87	40.8 +or- 11.	10	
Mkn 501	64.600	38.860	0.0337	0.7034	${41}_{-173}^{+155}$	-68	-51	-169	25.2 +or- 10.	22	
1ES 1028+511	161.439	54.439	0.3600	0.1853	${40}_{-196}^{+180}$	81	-21	-44	36.4 +or- 11.	12	
ESO 198-24	271.639	-57.948	0.0455	-0.5305	$-{652}_{-219}^{+231}$	-393	42	127	62.2 +or- 19.	7	
NGC 2617	229.300	20.939	0.0142	-0.7079	${58}_{-128}^{+124}$	-95	91	170	30.1 +or- 9.5	10	
PG 1553+113	21.909	43.964	0.3600	0.2686	$-{149}_{-175}^{+162}$	45	25	-64	27.6 +or- 8.7	13	
H1101-23 2	273.190	33.079	0.1860	-0.8367	${358}_{-152}^{+141}$	2	85	201	45.5 +or- 17.	8	
3C 390.3	111.438	27.074	0.0561	0.8289	${130}_{-515}^{+242}$	-21	-99	-199	25.0 +or- 10.	10	
1H 0419-577	266.963	-42.006	0.1040	-0.7421	${783}_{-255}^{+273}$	17	74	178	39.9 +or- 16.	6	
Fairall 9	295.073	-57.826	0.0470	-0.4825	$-{18}_{-333}^{+291}$	-226	26	116	37.2 +or- 15.	6	
IRAS 13224-3809	310.189	23.979	0.0660	-0.6982	${63}_{-198}^{+201}$	31	35	167	45.1 +or- 19.	7	
NGC 5408X-1	317.149	19.496	0.0017	-0.6414	$-{19}_{-174}^{+216}$	-98	19	154	30.4 +or- 14.	7	
PDS 456	10.392	11.164	0.1840	0.1770	${57}_{-261}^{+267}$	47	76	-42	60.0 +or- 29.	7	
Mrk 279	115.042	46.865	0.0305	0.6195	${58}_{-229}^{+278}$	-29	-68	-149	14.2 +or- 7.0	15	
E1821+ 643	94.003	27.417	0.2970	0.8855	${85}_{-262}^{+241}$	-28	-97	-212	35.7 +or- 18.	7	
IC 4329A	317.496	30.920	0.0160	-0.5799	$-{93}_{-229}^{+367}$	-73	15	139	38.3 +or- 20.	7	
PG 0804+761	138.279	31.033	0.1000	0.5704	${57}_{-236}^{+219}$	98	-73	-137	28.5 +or- 15.	6	
NGC 5548	31.960	70.496	0.0172	0.1768	$-{46}_{-185}^{+183}$	-51	7	-42	18.0 +or- 10.	13	
Mrk 766	190.681	82.270	0.0129	-0.0249	${191}_{-365}^{+240}$	93	0	6	6.0 +or- 4.2	27	
LMC X-3	273.576	-32.082	-	-0.8457	${35}_{-66}^{+69}$	7	63	203	23.1 +or- 3.0	36	
4U 1957+11	51.308	-9.330	-	0.7702	$-{264}_{-152}^{+145}$	-124	32	-185	20.6 +or- 4.1	22	
MAXI J0556-032	238.939	-25.183	-	-0.7751	${137}_{-82}^{+85}$	84	39	186	16.0 +or- 3.3	33	
SMC X-1	300.414	-43.560	-	-0.6251	${117}_{-122}^{+127}$	-3	17	150	21.0 +or- 4.9	13	
